735.4290732453245
201.15183443831077
890.1980553593044
570.2223885198168
393.8369471552105
468.94954735433595
1012.1268214714298
1389.717580801436
1414.5762447796876
955.9157720309378
884.9421242857101
217.39230080656515
318.21229925793193
1168.1312086710777
873.3409122521039
1604.0694298055348
1247.7035702006842
559.1135190969467
169.09893134975803
139.43593142032324
148.1889194531373
147.2293399345924
254.2551660785719
755.9127836915244
712.8867658279858
365.9734957834265
152.82514648832407
496.2376934415139
211.34597283714447
146.9114724537632
157.80566524361643
490.16300307248775
659.6290431674825
571.8985404712863
203.62005233052216
181.36115038711435
216.39730582679167
535.9535869659722
1410.7007443394803
1598.6159310237313
2000.6677277376118
1706.2849421497078
1524.4018100151675
1445.8473011636183
551.4730767934789
821.1897934495745
408.10357095431084
1485.414074850676
1152.682378307069
354.4716651247246
632.0945342326854
851.6743665458662
1293.4403867535775
1629.638326539912
1735.3869683361086
1935.4236731554452
1982.4685174150802
1099.7235411500785
617.7847961650521
636.1615922623103
700.6066980930846
569.4819097912555
493.2538891562895
672.8239643152405
1053.0858940204325
1340.5896259520214
1182.7638867126593
1348.7869200463465
936.7781085076117
1333.9238547655734
658.7043836951412
579.5373256478767
957.5578453552428
735.1503619061841
824.985408550025
727.1443847947343
265.70143168410385
488.4710383511645
534.7893846724269
425.85419666102456
222.14770276545005
171.39123960292844
178.33787674290238
524.420414111474
480.2469586285156
835.1424009882716
654.9898734202991
454.08300036259146
222.32115920900247
805.6450537047408
1807.317018459976
2002.764726050566
1664.3283407019105
1683.8151126880734
1743.9433955289016
2010.8538726900986
1799.321598347368
1137.2682608625482
236.5660693337316
134.42187507533203
136.79610516463904
166.7921376782111
402.5263303489074
1180.853714212578
466.7218176503455
264.9594042762901
468.7424221548889
949.6393060809564
646.9866648428908
338.89708501412633
321.90988994220106
553.9624273182733
360.25998281301815
171.56296852013864
155.8261086892016
193.2836374475503
280.5673873709969
163.0808224597826
291.88456864272666
282.44197871759224
386.38932778897345
156.3301244838441
414.5387508289044
775.4439305334538
1804.5171144435894
1716.9907587208427
1760.4655362781743
1879.8197938335618
1956.0704145821553
1932.4007162780429
1905.444077200802
1334.3137972267896
764.5458464710886
168.59484323201025
464.5504385902927
449.31543821166946
347.9649924032594
476.3629870459626
226.4296657794644
234.54079207093662
158.01756729273987
157.75176159219183
204.03544781000863
466.3349909239624
780.7488123733428
916.51974441699
1240.660699857943
860.668247456689
1425.6855738796526
835.8847420586353
1725.2316136058282
893.3689839481926
1109.6603172554328
1240.150027119345
1787.7187693478713
1066.1694580731407
1640.9204818957376
1707.9046656008636
942.8154074383934
664.6860684475673
1471.3342834390994
1374.112450433282
1671.0751086965965
1664.9864718545102
1939.2596043145213
1692.7005856179876
1381.519356102086
1184.041330632361
1392.2116019928985
668.1059383688745
505.5396661954126
189.20136434484237
203.17710545697904
765.0287209094008
994.3347654858544
533.5893985188408
298.41163304305263
158.76182342718377
200.2856387986325
234.52202259971963
552.8717984261272
472.5824087331465
689.3127583062146
891.8422748755626
1682.532607782003
759.2085282715391
864.5876618707115
1183.4331325315275
1720.5436134637828
1741.90616636278
1728.2475528484115
1457.0157672529772
1962.071014801281
1994.6554562808274
1667.6843386511405
1732.7011022666766
1856.4660804743444
1809.551042277529
2069.556932273733
2019.5856080936628
2015.9014292063691
1484.3825781746723
1622.2099387381322
1953.8746505535457
1784.4708739485664
1927.1409379327101
1807.767916960973
942.9360834674532
1727.822298614916
1046.2041118896002
1015.9345095108953
672.0207124489067
1317.6968664235187
1720.7312760435095
1770.2759072218967
781.0113305919473
794.2404719285375
510.85886730711746
423.48408025447117
1148.7523676562735
2017.2990792213861
707.4673894239813
189.38644090596685
1202.616062494544
1599.7672013004835
568.7038488928063
424.82486233883975
149.06228566150824
143.5528614743583
420.51964276331705
1072.3666059189236
1993.1214122700444
1779.480889845884
1847.8114248587196
1840.067220068695
1758.7274930751657
1758.2736167152318
1470.210192865403
941.6317825529727
575.6660166350504
1581.5762581338845
1917.4431191834205
1323.0893951277542
1147.3609769073325
1778.7194935507107
1866.9384281352923
1742.8809504745589
1380.1007581555723
1048.890961326968
1257.7711470851507
1203.3847320128452
1002.8141934134087
1676.0861764408064
969.6515744437211
909.1757374333399
780.0343082227637
1599.6520111173677
1061.4956331536605
728.8731001090803
575.2717170482331
1007.5707445539916
799.8815110188824
495.46204913443603
145.4644200665526
486.5888973083118
446.8973209186343
740.309648604243
945.556755048412
1139.8246456997633
1128.5865826377924
679.9161683867194
517.9940860342867
197.27218070652773
272.2386902560613
360.00991641536916
137.63051003216296
168.80818813513054
381.7177300150503
325.9238862062633
634.5054661622196
719.9294333578092
1506.4357046104678
1130.5287968797247
1114.5084115164282
1451.0336997927357
1442.489916524936
1122.4099675934951
1253.628751297096
1014.3851702995811
1603.1014685476832
134.71811837664663
187.34088343823666
310.9570174244508
168.79131493868664
230.53873505737454
516.3610975414227
320.41188182771975
572.6267565109213
923.7670252892775
1709.9022503120411
898.8706937734731
1231.1396797659386
1722.1310586334337
1771.37644368044
1529.62461967008
1747.8080550192972
2071.0924978111902
2133.6071030127255
1980.7352603851446
1996.5204733935213
1188.3494798135014
1634.2438436749583
827.1847034560409
312.4479927277126
261.70365301653305
727.4619004060721
453.72389871426924
859.9346559456229
1277.958053299313
2142.0554203723536
1975.3083538613428
1955.7451585793033
1681.241971178791
1939.9615079304278
2043.8489045880392
1019.698939769468
1721.111583631786
2059.4497036561015
709.0749941274115
157.58336061024815
446.4355478977037
1590.9498777736617
1031.3007912224068
1498.6611086984176
1710.0165886966229
2046.630355858095
1996.6861056080204
1911.8402879712014
1621.8870891969816
1774.1149245880035
1067.7960786833607
192.73378546309345
351.9829390050485
262.5784564910424
142.567741824229
154.4885558331619
321.3331420080509
134.11886716036332
425.4841296061643
824.4891852155624
199.9212528728626
171.23390449500977
402.24360503525395
475.8155773480587
1247.4417841071581
1091.9503789861178
505.09096833095333
952.5402935213476
1023.3441247353024
590.5804001527877
279.67682355534726
479.27072247352453
682.2922737237631
526.4475967567158
252.91664592879212
495.3885424700339
893.2624977412156
586.778557637717
952.3379469796579
1412.8285149389674
1558.7228925671648
1568.8495188996994
1868.731751588696
1934.8980864896062
1901.1977158208683
1643.5003779191122
1615.939578912768
1817.0579127332114
1841.9558718957733
1495.6075133963654
1596.7598740569708
1138.9494207445202
1235.5305974817525
1266.1967068372123
1416.5661496861974
1100.7822562923557
1032.9100037591404
1100.2561439280078
1216.1394172441944
1269.8517926817894
543.5326632541596
443.59177676169355
163.58854555599365
291.48900698400683
161.91323833315258
169.92095036227494
145.06341435041185
136.49001853566503
136.95524725400222
165.91112806523788
373.3487053361215
158.82912186844922
346.70851087769597
263.4140254422755
144.17778018236083
138.51240446391432
147.06859176334117
169.259263804738
843.8149346155858
513.6554605064262
133.6996663494351
383.48258249748534
126.23981918044116
174.4077522262382
150.49543742689175
180.9581879590836
133.0701722221051
143.2290621725149
137.09245165310978
190.45588004768922
189.76220364019156
131.69297449198842
131.4439390518063
140.524768121994
252.2076809852372
448.60713245720035
410.42416322626144
357.0648677156919
565.5379676413326
647.7801819361922
513.1103043076336
876.9094724708052
1308.543658653913
776.9026598812459
711.0976603213667
467.72646288877064
1077.3674420103748
1159.5967982847014
735.7174646460198
403.67123532461284
360.30143609003665
132.13699310354582
353.9236942419736
905.6495354800666
196.49902067045136
1256.480605766211
817.1267216870434
729.8802598925565
343.08841972181375
582.6438367887052
163.3920115822542
294.37476346510016
160.1613812033936
169.1988616585363
152.7691259394748
505.506838386235
439.3696510628113
153.66215219924013
305.9130609848499
152.09879554956345
357.1113006569795
1094.9959498324795
574.4965555345366
217.4061841188985
235.7309415333886
161.58834659198115
135.4627411925603
144.48338539566038
146.47564866452214
271.2490423209281
453.4477167784495
222.55023747909988
144.34274409662706
454.533405458975
268.6462760589242
369.0072968567443
672.6873307383219
969.0206336073802
849.9079986365527
1044.176408815012
1084.1394514092492
651.2195059402062
932.8843891661761
678.2909546026682
187.91123435813438
298.2986745675312
620.5350922347448
470.31501025231637
196.21962028878556
318.0117770922402
262.1748125198126
279.92001354844723
397.8494421425389
149.80354024245895
533.5954759655755
867.1425537942373
1078.0719532445871
852.58905580611
1002.7504064918753
754.5089084262798
498.93683032169446
187.46320364406336
145.23167790492326
204.52324756958967
541.3391708294955
582.3097144532331
889.3079810499065
716.5405736306093
211.44708657578354
265.4878253109252
136.63287618006294
173.84043412355916
191.79724860608644
170.81321899442773
133.82034729650186
371.4264052956163
379.85305523769506
679.9640307902421
420.4624965982043
652.4740565154221
325.6565578706062
126.33803329013136
159.53651959290772
126.34708553803458
144.1353548710859
129.51547443982082
236.87199191839346
316.397722261862
376.02409677734744
737.1701138012904
398.57455706244036
382.3575623510808
399.7173826961792
530.8271129818978
416.5775453676587
197.00590091919497
145.2179516460095
205.84859264810447
435.614036859051
165.30708024530227
157.0484187278518
306.8675934477446
215.97526193585455
225.4314309721259
232.63039046048675
555.2070523982869
658.2424348750988
371.83965646511797
377.16331809644794
694.5695052268621
572.0041222122654
384.1266201179832
472.25368281134826
557.8033485514316
491.4958839010223
157.2530281804735
164.17329785625853
448.23805621433917
362.8108168443388
480.41100408928395
540.3566138473154
708.4400427295144
468.5836953437519
158.75684396450006
184.34783797680967
150.43715028929978
321.0099839289727
203.2207883423179
869.7984736320603
728.5119451494916
929.9340225846878
863.6632642176938
191.71154987532472
262.29428809026524
490.26902866343875
345.30364785446494
143.62958157088943
339.132407265039
592.401825102799
545.8457209719755
233.35467404525107
173.2902983206975
461.0762604310429
279.5857767533094
144.11005109715296
127.43302397113956
178.07670009115247
137.48094102079787
249.15119799882945
415.2129239233553
605.447179355839
279.5459688526144
463.32179431276535
293.06939839246047
148.87682324270642
318.337005887401
245.60662584385042
148.2303923788368
208.18745926012565
166.99292198964017
124.43465392420578
599.2148138184606
585.5719195531844
474.41328233100006
138.82015170561488
166.70779289571644
416.6612884847962
1102.4915845530895
577.3087448294691
559.7182125621867
256.7214077199252
378.2763116953658
333.22882519613967
416.0492939266881
372.88203664416653
673.2983674596184
935.0430736776487
1048.5227533827565
942.6678057635753
904.600402431761
744.5201137230839
701.0063874938439
568.4894322563702
273.70827901841585
561.1324657526316
204.40134689770196
127.47179664119976
166.09957404080484
133.53664172175698
169.6822368772588
263.97222603781336
184.46975958637617
251.79433625739443
165.8392956151657
349.112069871466
765.745106843017
566.7439695354092
268.86982617384047
298.5785435642617
661.5434957190728
755.7489315128598
1123.4297441619437
1262.3621712023614
1350.329507467474
888.5268305895415
352.53079799343084
301.99187058364953
638.858005731211
998.41587350921
867.216276557826
451.91692724062
237.6695143012214
155.92089706500622
131.76762689110936
234.78723171377257
326.46284807238675
725.04792343195
551.520903373365
548.585798973916
167.15499841959056
268.05507268522166
139.63034329015795
178.15186732348775
394.8351420264838
414.6233305405938
197.651743657187
199.5812202601829
193.14496145679004
127.35676287907557
135.8817271577154
213.00009729267643
382.53294823643233
307.60761299207263
351.73848711316504
524.8113448062512
334.6229457812514
631.6734763638228
356.234542433371
182.21246272287684
299.92451328020894
282.4462092992378
312.569293775197
535.6432952376528
504.56753089590626
922.8267616554439
1020.0977361240246
734.7041019702092
711.7627058545309
1086.1082249652611
661.6968749809723
496.4514833658928
604.7443329427621
803.4243879558321
745.4558478629868
415.7581427731836
549.7403535661442
620.3784314822997
663.9729184292695
440.9919720810312
546.6337474301251
702.7119145718835
555.2788542061602
250.59228659830242
326.6913694129678
413.78235094813294
331.2596249021301
255.915377916318
422.19508976337073
370.6181297169671
307.8834222027109
241.3479891140579
313.9960842182151
129.06473722258943
132.63565322526628
334.32329786360845
483.3595100708122
464.5054155201899
329.8446056383467
301.1558977468456
184.16472112170084
152.32836718205627
439.5430126801222
312.77307980402315
858.1513680568216
547.2858063259717
208.4784929140279
407.2276044563002
469.2432300569934
317.1315717332978
433.4899623774239
513.577382889101
640.0582287267505
651.800425357978
300.9094136749676
366.62721699478317
274.2756404612806
284.0372709890809
145.94040146674405
366.93470119792676
164.14001356721278
152.12952555231223
256.4736044522528
167.7358516364283
128.55216140883383
306.334131166684
524.702894700094
679.0521507478188
686.2745016020731
716.135525691064
643.3326796949897
716.2624738768877
470.6437106455371
407.7654560982332
288.9447040629054
187.5101502213472
402.18085122745543
858.8859863384278
534.0249353041902
1326.1094254991312
1201.4001480655563
850.1970320354832
395.11341945778327
122.00728727687238
154.0424719488381
804.4120410176613
165.94830556992764
161.93844217838065
225.9169595112705
146.86472130799672
130.1417699001215
122.00728727687238
952.292736023592
608.7418196308817
1065.9566575309161
800.0838118080643
299.4295547515096
173.21636803446086
259.07513965478944
448.261559276812
726.4961848607261
868.4637283037736
493.1942865055977
258.8395115448312
492.4711923946386
1297.4402349842087
1408.1119643091088
1312.9940380010742
1049.313176321145
391.24967369859854
125.62573119319376
613.8715016683967
545.6348888975696
907.1857953273139
1044.086718626588
1096.7110141018884
257.0106995992753
343.61879671201416
914.0320221162295
898.818259285456
468.6059370903141
661.9056916862687
850.0876462945504
647.4090281083855
450.41858455353344
242.50502367355216
125.29941945164444
150.4806437026176
150.91752001277027
130.90940276870666
133.43952966174703
123.45738289977598
128.04267680085613
271.9463927686578
211.17354649776206
402.0587425767743
1059.4094278967118
809.5192921413144
458.10834819121396
534.3282624362984
1144.8477065404304
1564.3950630842157
552.4059203843632
530.7209278872724
838.190255294229
1282.1371313661182
749.4310164403558
127.8058937222511
146.64343311337785
130.9732120750868
508.60882652924874
754.6332049515482
1191.449183274201
1413.35777702688
1215.5144561498857
1285.1522087605526
1285.3701155619945
405.24254685797825
949.1500083017444
608.1088521371584
401.3547040701682
242.64752160895546
275.5223409742568
347.8389278495465
280.7114092623091
495.6399823440131
472.634126257748
661.3436540460975
847.2674595107815
781.1117082394603
797.255841328653
519.7060408399917
373.9498888366389
546.5349236023791
341.91689194830053
388.5080370860423
311.49368550772806
127.93665312421994
132.65151340045463
135.14290203828628
134.12111992765054
179.8004485654914
646.1682559323935
684.2937707181604
571.0430486499121
305.4765659049337
354.0726059440132
157.36486989772763
136.46699058260623
142.13961675499706
349.2773354029817
466.213614398684
510.29146361142716
580.710387945437
162.86933120353194
227.28946676346652
248.84529785693528
147.3289856885622
131.4809861482841
142.08039471138343
156.42163713853677
266.33628031496954
152.5316269200711
147.10031498329602
160.26026746820034
165.1121725656038
566.0756739815555
1046.1028409648707
1578.8816028151498
1198.2476298453637
725.1929362804434
852.66874637705
1410.1979631451054
1416.0186509950179
1581.1194779632676
1463.3330681338991
1503.512700683438
1562.5537185550586
1431.6651640759187
715.3352559619352
913.6382475784068
982.4190374301828
1015.0393794447095
1108.7086407569964
1650.6776250084417
1330.6103977664156
780.2184204090852
294.87300928428317
224.58162430199093
173.26919023068749
698.5088791020805
696.3262835728889
1304.6732083099291
1220.6284032113165
1759.7319132057837
1275.137642363612
618.513166652212
492.70531280517827
547.2351966764294
145.92625453148005
157.2643560980014
904.3867188694217
446.2474210329734
432.3124055585093
518.7588342089913
841.6363402817409
1045.1148996256447
583.7098604016933
434.4029829624029
563.3377432159523
412.0136018442491
497.5261384400825
641.2605040551927
743.3763549969907
588.4599498882831
685.1849341677503
658.8364024245357
591.2192712864704
835.756813679447
1071.9417939814055
875.1192771782366
671.189106658788
729.5089736616738
1156.1358933344097
749.138756036881
879.0187613147887
1052.7897062789968
1397.6515094121814
1054.0424971745078
500.9430313060903
607.7117675144901
768.7221849931628
550.2724750307784
187.4753384672415
361.50158879149325
645.7266795622432
563.746770901476
312.54502318915405
446.3390118409966
629.5929362306786
488.19984938963864
443.01870100178263
328.3111412121853
510.19206172099547
1040.219890748552
969.6809404960711
171.6860917228436
275.6360980644265
478.49758516634205
576.0792051421009
255.73528511363492
148.56952856833993
151.7250627847626
133.60643727372096
181.0062523725249
597.7069814204692
1082.0995714585283
1554.0056058119892
1106.6430385828767
907.5465523703377
1091.6632288575317
1655.1682721874813
1942.9067174252332
1785.4247206360847
1205.8337866920751
1326.148971417915
1701.9749140058875
1731.6963960025607
1110.1475329643947
547.9662760071697
483.87844861835305
143.39014765889885
143.8657254857895
299.5501727614382
140.9077303296229
154.27324747511705
144.37423383137343
469.51825061187446
147.5760743416013
144.75056626615032
284.5276958257918
314.8807679056098
288.9823474417353
1577.5514206073792
2076.7008718524066
1939.91517217917
1966.8395538720908
2006.5148600329237
1912.051851266077
1836.8807244490674
1630.2117094712617
843.3232513985392
477.09546533887027
429.7668720655016
217.553126606386
784.7277817506362
1551.1428127094537
1899.88249884635
1858.3691460226487
1761.5535055693276
1558.918724762937
1999.8849075639012
1715.8027165241137
1576.6470327673364
1662.1835336394847
1984.1157210902418
1972.2400008600796
1488.7437558076647
1151.2809415048055
1979.2314100225612
828.5115946889555
1187.7905766960155
728.0455505998876
1633.6911953635738
196.1317232166402
301.34106733108877
879.4559787753498
1420.3785494296787
1726.334283040429
957.9731797427899
1533.0932156404974
1187.3669901899846
847.5788627989152
364.04301371931876
974.4779645241817
551.2224666830682
657.1487827515308
721.2522925668655
1490.9126803590011
1583.8634831632482
2190.840101024475
2116.57559923783
1974.388380027188
1725.4775681743079
860.4850358911519
274.8546956953837
387.5539647087812
227.35687394511058
169.2191661421054
344.4599210465024
375.99443913368583
277.80141935419516
400.85708949511843
284.8567300389463
174.74407729115927
445.0223291725602
367.81700634991216
509.0907065508872
594.9946048090225
213.65044686728535
146.34964424824642
144.21944291275994
190.89716710838366
147.78701603905435
368.7710394420747
236.54172430770933
585.2886177579874
725.2356295258983
868.6292594563561
273.28900029371
508.9313698612689
492.01314281981206
150.1510086076019
140.75630307524418
184.1878812022265
357.262395743625
993.6213385443391
204.400652330318
286.45317350871323
252.84696713471786
239.84096509728744
709.0666976454996
832.3765634836993
817.5655187301686
668.3058562722327
996.7284184878081
1516.2535469259972
1559.1231528238975
1445.5522491335657
1306.3499140923752
1425.891578560212
1667.4086447158356
1016.3279005240391
660.3806814369884
1194.8817217694577
540.8346472783288
310.0734030850989
256.13115288472983
498.32868272445324
1591.599182819068
1846.6241467649972
1893.2071740836734
1304.9409913258542
1268.4424615739495
1329.0292844819262
1580.4623620000427
637.0273347553037
1260.2112187827688
1218.1518892287138
808.3230503052498
353.18910865553926
189.06165717922738
159.37551920987195
149.22198404510613
343.05394826473355
588.0944547198304
935.5571353376934
757.1944817548871
1265.5011334425515
1604.2580671798514
1871.2270433354313
1367.9551974978694
1396.693476140575
1788.379735271559
860.6153455354084
159.27811205443513
179.52363839688348
353.8484359860496
304.6998081454605
139.46361547583672
200.73616798619773
642.0406677827903
1126.2856277271246
1870.9310339280012
1710.621075795021
1337.3158973719485
1338.6057764744726
316.9873489518078
412.70691164811194
528.7663460911765
448.46594170442296
857.7865690191535
1671.037611254204
1569.7176265331216
1544.4181654315087
926.7117661358863
525.835539466002
473.0374562959898
515.0579369731742
273.66070981142764
148.1413488142205
500.5576820866981
578.3077717414907
1112.4019607653643
754.900217988507
1492.2280004499253
763.8917217056398
608.7807624859984
611.655081866886
328.97830365944117
841.9318804720216
860.985551124431
1378.6081183660654
939.6039266922782
768.5534746530722
700.4051799945037
362.8904263089927
548.0806074953264
729.4402671094513
742.8906184599684
535.7559137543761
738.5895223422601
600.1870558140964
864.5557912144578
649.0766829527117
451.0287680300528
440.7784985660635
275.7079138816764
167.27953133748005
143.96597164191635
